0 0.02232142857142857 0.7209821428571428 0.026785714285714284 0.07589285714285714
0 0.02232142857142857 0.828125 0.017857142857142856 0.040178571428571425
0 0.4620535714285714 0.6138392857142857 0.049107142857142856 0.040178571428571425
0 0.5022321428571428 0.6986607142857143 0.049107142857142856 0.05803571428571428
0 0.41741071428571425 0.6919642857142857 0.049107142857142856 0.05357142857142857
0 0.9464285714285714 0.703125 0.08928571428571427 0.14732142857142858
0 0.9575892857142857 0.8058035714285714 0.040178571428571425 0.03125
0 0.8839285714285714 0.7075892857142857 0.03571428571428571 0.049107142857142856
0 0.37723214285714285 0.7857142857142857 0.049107142857142856 0.08928571428571427
0 0.27678571428571425 0.7589285714285714 0.0625 0.07142857142857142
0 0.17857142857142855 0.7120535714285714 0.08035714285714285 0.28125
0 0.11607142857142856 0.8370535714285714 0.05357142857142857 0.06696428571428571
0 0.6651785714285714 0.40848214285714285 0.125 0.3526785714285714
0 0.7857142857142857 0.5334821428571428 0.04464285714285714 0.10267857142857142
0 0.3727678571428571 0.3370535714285714 0.42410714285714285 0.45982142857142855
0 0.11830357142857142 0.4620535714285714 0.07589285714285714 0.22767857142857142
1 0.5870535714285714 0.09151785714285714 0.8169642857142857 0.18303571428571427
1 0.7946428571428571 0.234375 0.40178571428571425 0.12053571428571427
