0 0.2515625 0.4712962962962963 0.034375 0.05
0 0.4921875 0.10740740740740741 0.06979166666666667 0.20370370370370372
0 0.3697916666666667 0.4175925925925926 0.041666666666666664 0.11296296296296297
0 0.30104166666666665 0.24166666666666667 0.09166666666666666 0.11666666666666667
0 0.33541666666666664 0.05925925925925926 0.029166666666666667 0.06296296296296297
0 0.375 0.05462962962962963 0.03958333333333333 0.03518518518518519
0 0.41562499999999997 0.312962962962963 0.1875 0.04814814814814815
0 0.5979166666666667 0.3194444444444445 0.15 0.05
0 0.7453125 0.3277777777777778 0.11145833333333333 0.037037037037037035
1 0.20729166666666665 0.08425925925925926 0.23124999999999998 0.1685185185185185
