0 0.10222222222222223 0.30000000000000004 0.20444444444444446 0.34
0 0.26 0.30833333333333335 0.09777777777777778 0.30333333333333334
0 0.39555555555555555 0.27166666666666667 0.05333333333333333 0.21000000000000002
0 0.6011111111111112 0.25333333333333335 0.06888888888888889 0.10666666666666667
0 0.8233333333333334 0.5750000000000001 0.14 0.09666666666666668
0 0.035555555555555556 0.6933333333333334 0.07111111111111111 0.060000000000000005
1 0.8455555555555555 0.41500000000000004 0.14888888888888888 0.23
1 0.7011111111111111 0.18166666666666667 0.13555555555555557 0.36333333333333334
1 0.5322222222222223 0.1 0.20222222222222222 0.2
1 0.31 0.085 0.23333333333333334 0.17
1 0.4811111111111111 0.5 0.16666666666666666 0.22
