1 0.10625000000000001 0.10211267605633803 0.06875 0.20422535211267606
1 0.28125 0.39906103286384975 0.26875 0.7981220657276995
1 0.13984375000000002 0.6255868544600939 0.1078125 0.7065727699530516
1 0.49140625000000004 0.431924882629108 0.1390625 0.3615023474178404
1 0.7671875 0.18427230046948356 0.15000000000000002 0.34976525821596244
1 0.7210937500000001 0.5927230046948357 0.09843750000000001 0.42018779342723006
0 0.8523437500000001 0.15258215962441316 0.0328125 0.27699530516431925
0 0.46953125 0.05868544600938967 0.0484375 0.0892018779342723
0 0.53515625 0.08450704225352113 0.0203125 0.03755868544600939
0 0.61328125 0.19483568075117372 0.026562500000000003 0.051643192488262914
0 0.76953125 0.40492957746478875 0.029687500000000002 0.07746478873239437
0 0.67734375 0.30164319248826293 0.0234375 0.03990610328638498
0 0.6179687500000001 0.4800469483568075 0.0203125 0.03990610328638498
0 0.83203125 0.4870892018779343 0.0140625 0.035211267605633804
