1 0.2775551102204409 0.18825301204819278 0.5551102204408818 0.37650602409638556
1 0.12725450901803606 0.6656626506024097 0.24248496993987975 0.5240963855421688
0 0.3156312625250501 0.5225903614457832 0.04208416833667334 0.20783132530120482
0 0.43787575150300595 0.5451807228915663 0.04609218436873747 0.030120481927710843
0 0.5040080160320641 0.608433734939759 0.03006012024048096 0.042168674698795185
0 0.628256513026052 0.6445783132530121 0.04609218436873747 0.09036144578313253
0 0.8046092184368737 0.2740963855421687 0.2745490981963928 0.3493975903614458
0 0.7745490981963927 0.8268072289156627 0.21442885771543085 0.177710843373494
1 0.46793587174348694 0.8313253012048193 0.3426853707414829 0.21084337349397592
1 0.8366733466933867 0.621987951807229 0.2224448897795591 0.35843373493975905
0 0.6963927855711423 0.536144578313253 0.038076152304609215 0.07228915662650603
