0 0.06756756756756757 0.27058823529411763 0.13513513513513514 0.5411764705882353
0 0.15540540540540543 0.7029411764705882 0.31081081081081086 0.4176470588235294
0 0.19594594594594594 0.12352941176470589 0.033783783783783786 0.08235294117647059
0 0.23817567567567569 0.3235294117647059 0.07770270270270271 0.22352941176470587
0 0.910472972972973 0.4176470588235294 0.16554054054054054 0.8352941176470589
0 0.7989864864864865 0.6411764705882352 0.09797297297297297 0.2823529411764706
0 0.5996621621621622 0.2647058823529412 0.125 0.3058823529411765
0 0.597972972972973 0.7382352941176471 0.21621621621621623 0.28823529411764703
1 0.26182432432432434 0.20588235294117646 0.23310810810810811 0.4117647058823529
1 0.3597972972972973 0.6176470588235294 0.07094594594594594 0.3764705882352941
