0 0.1430817610062893 0.5754716981132075 0.15408805031446543 0.20754716981132076
0 0.29245283018867924 0.7421383647798743 0.06289308176100629 0.10062893081761007
0 0.6729559748427674 0.8113207547169812 0.24528301886792453 0.20125786163522014
0 0.14779874213836477 0.09119496855345913 0.050314465408805034 0.09433962264150944
0 0.25471698113207547 0.059748427672955975 0.04402515723270441 0.08176100628930819
0 0.3286163522012579 0.11320754716981132 0.04088050314465409 0.07547169811320756
0 0.07389937106918239 0.13836477987421383 0.04088050314465409 0.050314465408805034
0 0.006289308176100629 0.24842767295597484 0.012578616352201259 0.04402515723270441
0 0.5267295597484277 0.2138364779874214 0.03459119496855346 0.11320754716981132
1 0.2783018867924528 0.5471698113207547 0.5377358490566038 0.7044025157232705
1 0.7955974842767296 0.39622641509433965 0.389937106918239 0.5283018867924528
1 0.6540880503144655 0.7735849056603774 0.20754716981132076 0.20125786163522014
