0 0.24107142857142855 0.8013392857142857 0.05357142857142857 0.05803571428571428
0 0.18303571428571427 0.7120535714285714 0.026785714285714284 0.040178571428571425
0 0.296875 0.5334821428571428 0.12053571428571427 0.08482142857142856
0 0.47098214285714285 0.4776785714285714 0.1919642857142857 0.24107142857142855
0 0.6450892857142857 0.515625 0.14732142857142858 0.18303571428571427
0 0.9241071428571428 0.3125 0.14285714285714285 0.21428571428571427
0 0.6785714285714285 0.8303571428571428 0.03571428571428571 0.0625
0 0.859375 0.8705357142857142 0.040178571428571425 0.03571428571428571
0 0.9642857142857142 0.8504464285714285 0.05357142857142857 0.049107142857142856
1 0.5825892857142857 0.1763392857142857 0.8258928571428571 0.3526785714285714
1 0.8526785714285714 0.6674107142857143 0.2857142857142857 0.39732142857142855
