0 0.28205128205128205 0.5839285714285715 0.015384615384615385 0.04642857142857143
0 0.14615384615384616 0.48214285714285715 0.03076923076923077 0.05714285714285714
0 0.24871794871794872 0.425 0.035897435897435895 0.05714285714285714
0 0.36153846153846153 0.41607142857142854 0.035897435897435895 0.04642857142857143
0 0.44743589743589746 0.39464285714285713 0.03333333333333333 0.05357142857142857
0 0.4141025641025641 0.4589285714285714 0.05384615384615385 0.060714285714285714
0 0.5333333333333333 0.35714285714285715 0.046153846153846156 0.05714285714285714
0 0.6051282051282051 0.3214285714285714 0.046153846153846156 0.06428571428571428
0 0.6217948717948718 0.42857142857142855 0.05384615384615385 0.07857142857142857
0 0.8166666666666667 0.3875 0.05897435897435897 0.15357142857142855
0 0.7987179487179488 0.5125 0.05897435897435897 0.075
0 0.8910256410256411 0.4517857142857143 0.03333333333333333 0.060714285714285714
0 0.37564102564102564 0.6357142857142857 0.038461538461538464 0.06428571428571428
0 0.5217948717948718 0.5464285714285714 0.023076923076923078 0.07857142857142857
