0 0.14455569461827283 0.949905482041588 0.1214017521902378 0.09640831758034027
0 0.29224030037546933 0.8364839319470699 0.18898623279098875 0.13043478260869565
0 0.6282853566958698 0.781663516068053 0.295369211514393 0.16446124763705106
0 0.8210262828535669 0.719281663516068 0.07008760951188986 0.11153119092627599
0 0.8103879849812266 0.6228733459357279 0.07384230287859825 0.07372400756143667
0 0.8022528160200251 0.3752362948960303 0.0951188986232791 0.03969754253308129
0 0.6789737171464331 0.390359168241966 0.11889862327909888 0.02457466918714556
0 0.43366708385481856 0.4962192816635161 0.08135168961201503 0.06994328922495274
0 0.688360450563204 0.5784499054820416 0.07759699624530664 0.07561436672967864
0 0.5237797246558198 0.5198487712665406 0.07884856070087609 0.06049149338374291
0 0.6076345431789737 0.5510396975425331 0.06633291614518148 0.02457466918714556
0 0.4949937421777222 0.43572778827977315 0.0688360450563204 0.04725897920604915
