0 0.7990740740740742 0.655 0.10925925925925926 0.07
0 0.9703703703703704 0.08 0.05185185185185186 0.07333333333333333
0 0.7203703703703704 0.24166666666666667 0.06666666666666667 0.09000000000000001
0 0.7222222222222222 0.3433333333333334 0.04814814814814815 0.08666666666666667
0 0.13240740740740742 0.3416666666666667 0.061111111111111116 0.09666666666666668
0 0.19722222222222224 0.23833333333333334 0.03518518518518519 0.05
0 0.31203703703703706 0.2833333333333333 0.13518518518518519 0.06666666666666667
0 0.44074074074074077 0.335 0.022222222222222223 0.043333333333333335
0 0.12314814814814816 0.8883333333333334 0.03888888888888889 0.09000000000000001
0 0.34351851851851856 0.8083333333333333 0.17222222222222222 0.06333333333333334
1 0.30833333333333335 0.6366666666666667 0.3462962962962963 0.24666666666666667
1 0.7324074074074074 0.085 0.2796296296296296 0.17
1 0.3592592592592593 0.15166666666666667 0.2740740740740741 0.20333333333333334
1 0.07777777777777778 0.15333333333333335 0.14444444444444446 0.2733333333333334
