0 0.1232876712328767 0.35549132947976875 0.08904109589041095 0.1791907514450867
0 0.2328767123287671 0.30635838150289013 0.11643835616438356 0.2890173410404624
0 0.4674657534246575 0.3872832369942196 0.3184931506849315 0.3583815028901734
0 0.21232876712328766 0.5173410404624277 0.1780821917808219 0.09826589595375722
0 0.8116438356164383 0.5895953757225433 0.363013698630137 0.39306358381502887
0 0.5513698630136986 0.7803468208092486 0.1643835616438356 0.08092485549132948
0 0.6061643835616438 0.6387283236994219 0.0410958904109589 0.1329479768786127
0 0.3321917808219178 0.7658959537572254 0.14383561643835616 0.07514450867052022
1 0.4982876712328767 0.12138728323699421 0.9965753424657534 0.23121387283236994
1 0.7842465753424657 0.35260115606936415 0.4178082191780822 0.24277456647398843
1 0.08904109589041095 0.37283236994219654 0.1780821917808219 0.26011560693641617
