0 0.04871794871794872 0.28035714285714286 0.05641025641025641 0.14642857142857144
0 0.12051282051282051 0.41964285714285715 0.07179487179487179 0.18214285714285713
0 0.24743589743589745 0.6464285714285715 0.10512820512820513 0.22142857142857142
0 0.43205128205128207 0.5035714285714286 0.07435897435897436 0.18571428571428572
0 0.6628205128205128 0.6392857142857142 0.10512820512820513 0.25
0 0.9346153846153846 0.5071428571428571 0.07948717948717948 0.20714285714285713
0 0.6128205128205129 0.3732142857142857 0.06666666666666667 0.175
0 0.5371794871794872 0.23035714285714284 0.06923076923076923 0.125
0 0.7717948717948718 0.2589285714285714 0.09230769230769231 0.175
0 0.9705128205128205 0.3625 0.05384615384615385 0.175
0 0.31666666666666665 0.3357142857142857 0.05897435897435897 0.12142857142857143
