0 0.3809148264984227 0.861904761904762 0.1309148264984227 0.07142857142857144
0 0.15694006309148265 0.7940476190476191 0.0583596214511041 0.11190476190476191
0 0.39668769716088326 0.5797619047619048 0.16876971608832808 0.17380952380952383
0 0.6419558359621451 0.9630952380952382 0.08517350157728706 0.05952380952380953
0 0.7736593059936908 0.45833333333333337 0.017350157728706624 0.045238095238095244
0 0.8170347003154574 0.3238095238095238 0.0725552050473186 0.06190476190476191
0 0.8186119873817035 0.3952380952380953 0.022082018927444793 0.04761904761904762
0 0.9684542586750788 0.4785714285714286 0.025236593059936908 0.04761904761904762
0 0.9140378548895899 0.11666666666666668 0.026813880126182965 0.06190476190476191
1 0.3178233438485804 0.11666666666666668 0.4116719242902208 0.20476190476190478
