0 0.1689453125 0.7037037037037037 0.029296875 0.037037037037037035
0 0.5078125 0.6518518518518519 0.05859375 0.08148148148148149
0 0.6005859375 0.5685185185185185 0.017578125 0.06296296296296297
0 0.626953125 0.5425925925925926 0.0234375 0.04814814814814815
0 0.6533203125 0.512962962962963 0.017578125 0.040740740740740744
0 0.451171875 0.5407407407407407 0.0234375 0.037037037037037035
0 0.611328125 0.3814814814814815 0.05078125 0.05185185185185186
0 0.6689453125 0.27592592592592596 0.064453125 0.12222222222222223
0 0.767578125 0.2111111111111111 0.1171875 0.1925925925925926
0 0.68359375 0.46851851851851856 0.01953125 0.03333333333333333
0 0.7353515625 0.4 0.041015625 0.07407407407407407
0 0.814453125 0.31851851851851853 0.10546875 0.1851851851851852
