0 0.15113636363636362 0.4855195911413969 0.26136363636363635 0.16013628620102216
0 0.48636363636363633 0.4778534923339012 0.07272727272727272 0.10051107325383304
0 0.671590909090909 0.41567291311754684 0.19772727272727272 0.16013628620102216
0 0.3704545454545454 0.49744463373083475 0.1318181818181818 0.14310051107325383
0 0.1852272727272727 0.6158432708688245 0.24318181818181817 0.07666098807495741
0 0.6397727272727273 0.5477001703577513 0.05227272727272727 0.03577512776831346
1 0.4875 0.21124361158432708 0.7749999999999999 0.4088586030664395
1 0.11477272727272726 0.2708688245315162 0.21136363636363636 0.23168654173764908
0 0.5738636363636364 0.565587734241908 0.038636363636363635 0.07495741056218058
0 0.509090909090909 0.5706984667802385 0.07272727272727272 0.030664395229982964
