0 0.7578125 0.5274193548387097 0.125 0.22258064516129034
0 0.529296875 0.5435483870967742 0.1015625 0.13225806451612904
0 0.361328125 0.5274193548387097 0.0546875 0.11935483870967742
0 0.255859375 0.4241935483870968 0.15234375 0.17096774193548386
1 0.9033203125 0.3193548387096774 0.162109375 0.6387096774193548
1 0.7607421875 0.20806451612903226 0.123046875 0.4161290322580645
1 0.638671875 0.3064516129032258 0.10546875 0.6129032258064516
1 0.5322265625 0.23709677419354838 0.111328125 0.47419354838709676
1 0.4345703125 0.2725806451612903 0.083984375 0.5451612903225806
1 0.3642578125 0.23548387096774193 0.056640625 0.47096774193548385
1 0.166015625 0.17096774193548386 0.33203125 0.3419354838709677
1 0.08984375 0.4 0.1796875 0.11612903225806452
