0 0.2245639534883721 0.6536016949152542 0.12936046511627908 0.0826271186440678
0 0.4992732558139535 0.6684322033898306 0.2252906976744186 0.057203389830508475
0 0.561046511627907 0.3930084745762712 0.09883720930232558 0.09533898305084745
0 0.4331395348837209 0.5635593220338984 0.023255813953488372 0.05084745762711865
0 0.6656976744186046 0.5095338983050848 0.08139534883720931 0.13347457627118645
0 0.8234011627906976 0.4586864406779661 0.036337209302325583 0.03177966101694915
0 0.42223837209302323 0.423728813559322 0.036337209302325583 0.025423728813559324
0 0.7688953488372093 0.4375 0.0377906976744186 0.02754237288135593
1 0.19113372093023256 0.3315677966101695 0.30377906976744184 0.6588983050847458
1 0.6540697674418604 0.18114406779661016 0.6191860465116279 0.3580508474576271
1 0.39898255813953487 0.4120762711864407 0.1119186046511628 0.1038135593220339
