0 0.04487179487179487 0.6232142857142857 0.03333333333333333 0.15357142857142855
0 0.06025641025641026 0.48392857142857143 0.023076923076923078 0.11785714285714285
0 0.08076923076923077 0.38035714285714284 0.028205128205128206 0.11785714285714285
0 0.27564102564102566 0.2732142857142857 0.023076923076923078 0.08928571428571429
0 0.26794871794871794 0.4964285714285714 0.023076923076923078 0.14285714285714285
0 0.27692307692307694 0.6375 0.041025641025641026 0.15357142857142855
0 0.43205128205128207 0.225 0.023076923076923078 0.14285714285714285
0 0.4641025641025641 0.35714285714285715 0.020512820512820513 0.09999999999999999
0 0.5 0.47857142857142854 0.03076923076923077 0.16428571428571428
0 0.5692307692307692 0.6357142857142857 0.041025641025641026 0.19999999999999998
0 0.7884615384615384 0.4928571428571428 0.028205128205128206 0.10714285714285714
0 0.9012820512820513 0.6535714285714286 0.05897435897435897 0.15714285714285714
0 0.6153846153846154 0.21607142857142855 0.03076923076923077 0.08928571428571429
0 0.7025641025641025 0.34464285714285714 0.035897435897435895 0.13214285714285715
0 0.7858974358974359 0.20535714285714285 0.03333333333333333 0.10357142857142856
0 0.967948717948718 0.32321428571428573 0.03333333333333333 0.14642857142857144
