0 0.32333333333333336 0.9404761904761905 0.04 0.05952380952380952
0 0.49500000000000005 0.9017857142857142 0.13 0.06547619047619047
0 0.6533333333333333 0.9136904761904762 0.060000000000000005 0.08928571428571427
0 0.8300000000000001 0.7797619047619048 0.1 0.08333333333333333
0 0.9816666666666667 0.8452380952380952 0.030000000000000002 0.05952380952380952
0 0.6383333333333334 0.7410714285714285 0.06333333333333334 0.08928571428571427
0 0.5916666666666667 0.6607142857142857 0.08333333333333334 0.05952380952380952
0 0.5216666666666667 0.7291666666666666 0.06333333333333334 0.06547619047619047
0 0.43000000000000005 0.7529761904761905 0.060000000000000005 0.05357142857142857
0 0.41000000000000003 0.6488095238095237 0.06666666666666667 0.07142857142857142
0 0.5583333333333333 0.5446428571428571 0.24333333333333335 0.10119047619047619
0 0.7966666666666667 0.5803571428571428 0.05333333333333334 0.06547619047619047
0 0.795 0.6904761904761905 0.05666666666666667 0.05952380952380952
0 0.9500000000000001 0.6577380952380952 0.09333333333333334 0.17261904761904762
0 0.20833333333333334 0.5744047619047619 0.043333333333333335 0.041666666666666664
0 0.33666666666666667 0.5684523809523809 0.18666666666666668 0.05357142857142857
0 0.19833333333333333 0.5029761904761905 0.18333333333333335 0.041666666666666664
0 0.20833333333333334 0.44047619047619047 0.2966666666666667 0.07142857142857142
1 0.305 0.2589285714285714 0.18333333333333335 0.26785714285714285
1 0.5183333333333333 0.31845238095238093 0.19666666666666668 0.26785714285714285
1 0.7233333333333334 0.4226190476190476 0.24000000000000002 0.25
1 0.9500000000000001 0.4464285714285714 0.09333333333333334 0.22619047619047616
