0 0.24169741697416974 0.31451612903225806 0.07011070110701106 0.05913978494623656
0 0.20848708487084872 0.4112903225806452 0.07011070110701106 0.11290322580645162
0 0.16789667896678967 0.5134408602150538 0.13653136531365312 0.10215053763440861
0 0.038745387453874534 0.6586021505376345 0.07749077490774907 0.05913978494623656
0 0.4483394833948339 0.7741935483870969 0.3210332103321033 0.17204301075268819
0 0.9059040590405903 0.653225806451613 0.18081180811808117 0.15591397849462366
0 0.6309963099630996 0.5806451612903226 0.15498154981549814 0.08602150537634409
1 0.8505535055350554 0.5376344086021506 0.2177121771217712 0.17204301075268819
1 0.09040590405904059 0.47043010752688175 0.08487084870848709 0.10215053763440861
1 0.2287822878228782 0.7096774193548387 0.33948339483394835 0.19354838709677422
1 0.05166051660516605 0.39247311827956993 0.1033210332103321 0.16129032258064518
