0 0.11383928571428571 0.7723214285714285 0.12053571428571427 0.05357142857142857
0 0.31919642857142855 0.8415178571428571 0.15625 0.03125
0 0.4732142857142857 0.8080357142857142 0.10714285714285714 0.09821428571428571
0 0.4308035714285714 0.6964285714285714 0.049107142857142856 0.09821428571428571
0 0.6205357142857143 0.6986607142857143 0.04464285714285714 0.11160714285714285
0 0.53125 0.6941964285714285 0.08928571428571427 0.12053571428571427
0 0.8125 0.6584821428571428 0.125 0.10267857142857142
0 0.45535714285714285 0.2901785714285714 0.4464285714285714 0.5714285714285714
1 0.20982142857142855 0.25 0.24107142857142855 0.5
1 0.41741071428571425 0.5290178571428571 0.20089285714285712 0.27232142857142855
