0 0.085 0.5940054495912807 0.074 0.08174386920980926
0 0.161 0.42234332425068116 0.054 0.07084468664850135
0 0.23700000000000002 0.41553133514986373 0.034 0.06267029972752043
0 0.334 0.3433242506811989 0.024 0.049046321525885554
0 0.9490000000000001 0.49046321525885556 0.062 0.1307901907356948
0 0.865 0.42779291553133514 0.038 0.09264305177111716
0 0.8150000000000001 0.4482288828337874 0.034 0.05722070844686648
0 0.781 0.38147138964577654 0.034 0.07629427792915532
0 0.376 0.2997275204359673 0.032 0.07629427792915532
0 0.734 0.3460490463215259 0.028 0.049046321525885554
0 0.41000000000000003 0.26839237057220705 0.016 0.02997275204359673
0 0.434 0.28610354223433243 0.012 0.049046321525885554
0 0.455 0.33651226158038144 0.03 0.06267029972752043
0 0.506 0.31335149863760214 0.056 0.03814713896457766
0 0.7000000000000001 0.3188010899182561 0.04 0.05449591280653951
0 0.662 0.3215258855585831 0.032 0.043596730245231606
0 0.625 0.3079019073569482 0.03 0.05449591280653951
