0 0.26 0.7423435419440746 0.032 0.049267643142476704
0 0.277 0.6125166444740346 0.08600000000000001 0.1118508655126498
0 0.428 0.6218375499334221 0.176 0.3515312916111851
0 0.383 0.9713715046604527 0.046 0.049267643142476704
0 0.654 0.7190412782956059 0.07200000000000001 0.13315579227696406
0 0.606 0.4900133155792277 0.06 0.06924101198402131
0 0.449 0.10719041278295606 0.28600000000000003 0.21171770972037285
0 0.212 0.4227696404793609 0.052000000000000005 0.049267643142476704
0 0.341 0.3388814913448735 0.186 0.22237017310253
0 0.704 0.4833555259653795 0.152 0.4101198402130493
0 0.542 0.34953395472703064 0.152 0.27030625832223704
0 0.664 0.1218375499334221 0.132 0.23834886817576567
0 0.55 0.8448735019973369 0.088 0.09720372836218376
