0 0.4157303370786517 0.6433333333333334 0.21348314606741572 0.4
0 0.6732209737827716 0.2316666666666667 0.06928838951310862 0.19
0 0.7649812734082397 0.24333333333333335 0.0655430711610487 0.17333333333333334
0 0.8782771535580525 0.23833333333333334 0.1310861423220974 0.15666666666666668
0 0.9719101123595506 0.18333333333333335 0.052434456928838954 0.2066666666666667
0 0.44756554307116103 0.19666666666666668 0.07116104868913858 0.18666666666666668
0 0.25936329588014984 0.08166666666666667 0.12172284644194757 0.16333333333333333
0 0.3848314606741573 0.36333333333333334 0.08426966292134831 0.11333333333333334
1 0.48314606741573035 0.2016666666666667 0.9625468164794008 0.39666666666666667
1 0.5327715355805244 0.62 0.09176029962546817 0.4133333333333334
