0 0.18 0.9207650273224044 0.09818181818181818 0.14754098360655737
0 0.2 0.15846994535519127 0.17454545454545456 0.31693989071038253
0 0.5781818181818181 0.3879781420765027 0.18181818181818182 0.4371584699453552
0 0.44 0.4562841530054645 0.04363636363636364 0.11475409836065574
0 0.7327272727272727 0.4562841530054645 0.05454545454545454 0.20218579234972678
0 0.7890909090909091 0.31420765027322406 0.02909090909090909 0.10382513661202186
0 0.9363636363636364 0.25956284153005466 0.05454545454545454 0.3770491803278688
0 0.5818181818181818 0.8032786885245902 0.04363636363636364 0.12021857923497267
1 0.4909090909090909 0.21584699453551912 0.14545454545454545 0.4207650273224044
1 0.7109090909090909 0.16666666666666666 0.23636363636363636 0.3333333333333333
