0 0.5205479452054794 0.4476744186046512 0.3082191780821918 0.08139534883720931
0 0.5171232876712328 0.22093023255813954 0.08904109589041095 0.3488372093023256
0 0.46232876712328763 0.6162790697674418 0.13013698630136986 0.22093023255813954
0 0.28253424657534243 0.7558139534883721 0.1404109589041096 0.19767441860465115
0 0.0702054794520548 0.7412790697674418 0.1404109589041096 0.20348837209302326
0 0.7654109589041096 0.5552325581395349 0.14726027397260272 0.23837209302325582
1 0.1678082191780822 0.21511627906976744 0.3356164383561644 0.41860465116279066
1 0.8441780821917808 0.20348837209302326 0.3047945205479452 0.3953488372093023
1 0.9263698630136986 0.6075581395348837 0.11986301369863013 0.4011627906976744
1 0.06335616438356165 0.5203488372093024 0.1267123287671233 0.1569767441860465
