0 0.16923076923076924 0.18035714285714285 0.08461538461538462 0.18214285714285713
0 0.4134615384615385 0.16785714285714284 0.11153846153846154 0.17857142857142858
0 0.6365384615384616 0.16964285714285715 0.10384615384615385 0.16785714285714284
0 0.8307692307692308 0.16964285714285715 0.06153846153846154 0.11785714285714285
0 0.17307692307692307 0.3964285714285714 0.06153846153846154 0.12857142857142856
0 0.40192307692307694 0.39107142857142857 0.057692307692307696 0.13214285714285715
0 0.6269230769230769 0.3875 0.046153846153846156 0.14642857142857144
0 0.8250000000000001 0.3892857142857143 0.07307692307692308 0.1357142857142857
0 0.16346153846153846 0.6053571428571428 0.08846153846153847 0.11785714285714285
0 0.3961538461538462 0.5857142857142857 0.06923076923076923 0.15714285714285714
0 0.6288461538461538 0.5982142857142857 0.06538461538461539 0.16785714285714284
0 0.8423076923076923 0.5785714285714285 0.1 0.1357142857142857
0 0.17115384615384616 0.7821428571428571 0.10384615384615385 0.12142857142857143
0 0.3903846153846154 0.7839285714285714 0.10384615384615385 0.14642857142857144
0 0.6211538461538462 0.7875 0.08076923076923077 0.10357142857142856
0 0.8346153846153846 0.7767857142857143 0.07692307692307693 0.20357142857142857
