0 0.09932432432432434 0.75 0.19864864864864867 0.39690721649484534
0 0.21824324324324326 0.6739690721649484 0.033783783783783786 0.05412371134020619
0 0.2682432432432433 0.7164948453608248 0.03648648648648649 0.05154639175257732
0 0.3081081081081081 0.8195876288659794 0.08648648648648649 0.08762886597938144
0 0.40810810810810816 0.4020618556701031 0.02972972972972973 0.07731958762886598
0 0.7777027027027027 0.7693298969072164 0.3364864864864865 0.45618556701030927
0 0.3966216216216216 0.5824742268041238 0.05 0.041237113402061855
0 0.4939189189189189 0.4922680412371134 0.06891891891891892 0.10824742268041238
0 0.4641891891891892 0.7744845360824743 0.21756756756756757 0.15206185567010308
0 0.4310810810810811 0.6353092783505154 0.043243243243243246 0.059278350515463915
0 0.3837837837837838 0.6404639175257731 0.01891891891891892 0.03865979381443299
0 0.5304054054054055 0.6134020618556701 0.02027027027027027 0.07731958762886598
0 0.5682432432432433 0.5515463917525774 0.022972972972972974 0.04639175257731959
0 0.5871621621621622 0.6327319587628866 0.022972972972972974 0.07989690721649484
1 0.5472972972972974 0.23582474226804123 0.3162162162162162 0.25
1 0.35135135135135137 0.4458762886597938 0.4594594594594595 0.6288659793814433
1 0.795945945945946 0.26804123711340205 0.34054054054054056 0.520618556701031
