0 0.016666666666666666 0.5035714285714286 0.017948717948717947 0.06428571428571428
0 0.029487179487179487 0.7374999999999999 0.028205128205128206 0.10357142857142856
0 0.07564102564102564 0.6196428571428572 0.017948717948717947 0.08214285714285714
0 0.14358974358974358 0.6160714285714286 0.03076923076923077 0.20357142857142857
0 0.1064102564102564 0.48214285714285715 0.023076923076923078 0.02857142857142857
0 0.2205128205128205 0.4732142857142857 0.010256410256410256 0.03214285714285714
0 0.2551282051282051 0.7267857142857143 0.028205128205128206 0.1607142857142857
0 0.20384615384615384 0.5660714285714286 0.017948717948717947 0.08214285714285714
0 0.308974358974359 0.5839285714285715 0.017948717948717947 0.08214285714285714
0 0.3730769230769231 0.5017857142857143 0.017948717948717947 0.08214285714285714
0 0.44487179487179485 0.5446428571428571 0.017948717948717947 0.08214285714285714
0 0.5397435897435897 0.5428571428571428 0.023076923076923078 0.07857142857142857
0 0.4256410256410256 0.7464285714285714 0.020512820512820513 0.12142857142857143
0 0.3423076923076923 0.7053571428571428 0.017948717948717947 0.08214285714285714
0 0.6128205128205129 0.4928571428571428 0.020512820512820513 0.05714285714285714
0 0.6423076923076924 0.7035714285714285 0.023076923076923078 0.07857142857142857
0 0.5564102564102564 0.7428571428571429 0.020512820512820513 0.12142857142857143
0 0.48846153846153845 0.6803571428571429 0.017948717948717947 0.08214285714285714
0 0.6756410256410257 0.5857142857142857 0.023076923076923078 0.07857142857142857
0 0.782051282051282 0.5660714285714286 0.020512820512820513 0.075
0 0.9628205128205128 0.7339285714285714 0.03333333333333333 0.11785714285714285
0 0.8461538461538461 0.6124999999999999 0.03076923076923077 0.20357142857142857
0 0.732051282051282 0.7232142857142857 0.028205128205128206 0.1607142857142857
0 0.28076923076923077 0.4857142857142857 0.017948717948717947 0.049999999999999996
0 0.48846153846153845 0.48214285714285715 0.017948717948717947 0.049999999999999996
0 0.7064102564102565 0.475 0.017948717948717947 0.049999999999999996
0 0.9743589743589743 0.4982142857142857 0.020512820512820513 0.05357142857142857
0 0.4230769230769231 0.46964285714285714 0.010256410256410256 0.03214285714285714
0 0.5615384615384615 0.46249999999999997 0.010256410256410256 0.03214285714285714
0 0.7666666666666667 0.4660714285714286 0.010256410256410256 0.03214285714285714
0 0.882051282051282 0.46964285714285714 0.010256410256410256 0.03214285714285714
