0 0.8102564102564103 0.25357142857142856 0.05128205128205128 0.12857142857142856
0 0.7564102564102564 0.25357142857142856 0.02564102564102564 0.10714285714285714
0 0.7205128205128205 0.2517857142857143 0.041025641025641026 0.125
0 0.6807692307692308 0.25 0.028205128205128206 0.10714285714285714
0 0.6448717948717949 0.3071428571428571 0.05897435897435897 0.05714285714285714
0 0.5538461538461539 0.21964285714285714 0.041025641025641026 0.13214285714285715
0 0.5230769230769231 0.2589285714285714 0.041025641025641026 0.08214285714285714
0 0.4846153846153846 0.24464285714285713 0.041025641025641026 0.125
0 0.44743589743589746 0.3142857142857143 0.05897435897435897 0.049999999999999996
0 0.39487179487179486 0.2357142857142857 0.05128205128205128 0.12142857142857143
0 0.367948717948718 0.3053571428571428 0.04358974358974359 0.08214285714285714
0 0.3525641025641026 0.24464285714285713 0.05384615384615385 0.08928571428571429
