0 0.15875 0.4491525423728813 0.025 0.14124293785310735
0 0.425 0.6591337099811676 0.065 0.19209039548022597
0 0.4825 0.643126177024482 0.045 0.14124293785310735
0 0.57625 0.6581920903954802 0.1325 0.160075329566855
0 0.681875 0.6440677966101694 0.06875 0.13935969868173256
0 0.69375 0.7429378531073446 0.0425 0.04331450094161959
0 0.7262500000000001 0.6337099811676082 0.0125 0.11487758945386063
0 0.77625 0.6440677966101694 0.0725 0.1581920903954802
0 0.828125 0.6365348399246704 0.03125 0.14689265536723164
0 0.87875 0.6299435028248588 0.0575 0.14500941619585686
0 0.951875 0.647834274952919 0.01625 0.16572504708097927
0 0.80875 0.756120527306968 0.1375 0.0583804143126177
0 0.5437500000000001 0.3239171374764595 0.37 0.08662900188323917
0 0.12125 0.3286252354048964 0.06 0.10357815442561205
0 0.093125 0.4303201506591337 0.05375 0.10357815442561205
0 0.64125 0.4783427495291902 0.0725 0.03389830508474576
0 0.815625 0.3644067796610169 0.15625 0.14500941619585686
0 0.245 0.3248587570621469 0.145 0.08097928436911488
1 0.368125 0.14595103578154425 0.73625 0.288135593220339
1 0.0425 0.3992467043314501 0.08 0.20338983050847456
1 0.601875 0.4595103578154425 0.44625000000000004 0.19209039548022597
1 0.941875 0.7306967984934086 0.11375 0.19962335216572505
