0 0.34900000000000003 0.34684684684684686 0.334 0.6456456456456456
0 0.679 0.45045045045045046 0.298 0.6186186186186187
0 0.5 0.7387387387387387 0.056 0.05405405405405406
0 0.536 0.8663663663663663 0.496 0.2072072072072072
0 0.20500000000000002 0.8558558558558559 0.046 0.036036036036036036
0 0.216 0.9219219219219219 0.112 0.05405405405405406
0 0.20500000000000002 0.9894894894894894 0.28200000000000003 0.015015015015015015
0 0.9520000000000001 0.6486486486486487 0.044 0.06006006006006006
1 0.897 0.29429429429429427 0.202 0.5525525525525525
1 0.559 0.484984984984985 0.138 0.33933933933933935
1 0.156 0.23873873873873874 0.296 0.2732732732732733
1 0.619 0.1066066066066066 0.266 0.17717717717717718
