0 0.13942307692307693 0.4607142857142857 0.028846153846153848 0.049999999999999996
0 0.2091346153846154 0.5357142857142857 0.028846153846153848 0.049999999999999996
0 0.3076923076923077 0.4035714285714286 0.038461538461538464 0.08571428571428572
0 0.3425480769230769 0.4964285714285714 0.03125 0.05714285714285714
0 0.4759615384615385 0.41964285714285715 0.04807692307692308 0.125
0 0.5985576923076923 0.3964285714285714 0.038461538461538464 0.049999999999999996
0 0.6274038461538461 0.49107142857142855 0.04326923076923077 0.08214285714285714
0 0.703125 0.46964285714285714 0.03125 0.039285714285714285
0 0.842548076923077 0.41607142857142854 0.03125 0.05357142857142857
0 0.8653846153846154 0.48392857142857143 0.03365384615384616 0.060714285714285714
