0 0.8133333333333334 0.1875 0.060000000000000005 0.1607142857142857
0 0.6583333333333333 0.3958333333333333 0.06333333333333334 0.19642857142857142
0 0.7866666666666667 0.45535714285714285 0.16 0.24404761904761904
0 0.9333333333333333 0.5 0.1 0.369047619047619
0 0.525 0.7023809523809523 0.07666666666666667 0.11904761904761904
0 0.8583333333333334 0.7470238095238095 0.2366666666666667 0.1607142857142857
0 0.30000000000000004 0.681547619047619 0.04666666666666667 0.17261904761904762
0 0.065 0.5982142857142857 0.043333333333333335 0.07738095238095238
0 0.08 0.7291666666666666 0.04 0.08928571428571427
0 0.15166666666666667 0.7291666666666666 0.043333333333333335 0.07738095238095238
