0 0.0484375 0.8604166666666666 0.096875 0.2708333333333333
0 0.13593750000000002 0.80625 0.078125 0.0625
0 0.2421875 0.9229166666666666 0.053125000000000006 0.04583333333333333
0 0.32343750000000004 0.96875 0.040625 0.05416666666666667
0 0.4265625 0.6416666666666666 0.421875 0.325
0 0.0390625 0.45416666666666666 0.078125 0.08333333333333333
0 0.16718750000000002 0.20208333333333334 0.09062500000000001 0.09583333333333333
0 0.6640625 0.36666666666666664 0.078125 0.09166666666666666
0 0.9187500000000001 0.37916666666666665 0.14375000000000002 0.11666666666666667
0 0.484375 0.4083333333333333 0.05 0.05
1 0.35625 0.2583333333333333 0.53125 0.4083333333333333
1 0.8125 0.17083333333333334 0.36875 0.2833333333333333
1 0.153125 0.5770833333333333 0.30625 0.22916666666666666
