0 0.234 0.3560606060606061 0.12 0.1606060606060606
0 0.303 0.543939393939394 0.07 0.051515151515151514
0 0.462 0.5212121212121212 0.16 0.09090909090909091
0 0.6910000000000001 0.4954545454545455 0.078 0.14242424242424243
0 0.47200000000000003 0.30606060606060603 0.07200000000000001 0.13333333333333333
0 0.398 0.35909090909090907 0.036000000000000004 0.045454545454545456
0 0.334 0.37272727272727274 0.036000000000000004 0.024242424242424242
1 0.387 0.46060606060606063 0.134 0.14545454545454545
1 0.252 0.49242424242424243 0.116 0.08181818181818182
1 0.489 0.18636363636363637 0.714 0.37272727272727274
