0 0.5699208443271767 0.5457227138643068 0.1266490765171504 0.15339233038348082
0 0.4182058047493404 0.7227138643067846 0.12401055408970976 0.08849557522123894
0 0.6886543535620052 0.8008849557522124 0.1266490765171504 0.09144542772861357
0 0.7638522427440633 0.7005899705014749 0.09234828496042216 0.09144542772861357
0 0.8034300791556728 0.584070796460177 0.06596306068601583 0.12979351032448377
0 0.7678100263852242 0.4351032448377581 0.07387862796833773 0.13864306784660768
0 0.6715039577836411 0.41887905604719766 0.039577836411609495 0.13569321533923304
0 0.5738786279683377 0.40412979351032446 0.09234828496042216 0.10619469026548672
1 0.2572559366754617 0.1902654867256637 0.4300791556728232 0.3805309734513274
1 0.7255936675461742 0.1504424778761062 0.43271767810026385 0.3008849557522124
