0 0.05052631578947368 0.6453396524486572 0.03368421052631579 0.042654028436018954
0 0.10526315789473684 0.6484992101105845 0.027368421052631577 0.036334913112164295
0 0.31842105263157894 0.6477093206951027 0.02631578947368421 0.0315955766192733
0 0.4531578947368421 0.6571879936808847 0.017894736842105262 0.02527646129541864
0 0.5805263157894737 0.6579778830963665 0.009473684210526315 0.020537124802527645
0 0.8063157894736842 0.660347551342812 0.016842105263157894 0.022116903633491312
1 0.5 0.315955766192733 0.9978947368421053 0.6161137440758294
1 0.8363157894736842 0.7393364928909952 0.11894736842105263 0.11058451816745656
1 0.4705263157894737 0.7503949447077409 0.08842105263157894 0.11058451816745656
0 0.8963157894736842 0.6642969984202212 0.034736842105263156 0.020537124802527645
0 0.3657894736842105 0.6579778830963665 0.030526315789473683 0.020537124802527645
