0 0.50187265917603 0.5183333333333333 0.1797752808988764 0.39666666666666667
0 0.750936329588015 0.6766666666666667 0.10861423220973783 0.17333333333333334
0 0.7930711610486891 0.935 0.12921348314606743 0.12333333333333334
0 0.752808988764045 0.8216666666666668 0.12734082397003746 0.09000000000000001
0 0.19288389513108614 0.2733333333333334 0.052434456928838954 0.11333333333333334
0 0.25749063670411987 0.35500000000000004 0.09925093632958802 0.07666666666666667
1 0.6151685393258427 0.15833333333333335 0.7621722846441947 0.3166666666666667
1 0.9082397003745318 0.5950000000000001 0.1797752808988764 0.5566666666666668
1 0.7968164794007491 0.4566666666666667 0.40262172284644193 0.2733333333333334
1 0.3661048689138577 0.4033333333333334 0.11797752808988764 0.16666666666666669
