0 0.02734375 0.8959390862944162 0.05078125 0.10659898477157359
0 0.3505859375 0.8959390862944162 0.392578125 0.09644670050761421
0 0.3359375 0.515228426395939 0.12109375 0.11675126903553298
0 0.41796875 0.42385786802030456 0.07421875 0.17766497461928932
0 0.13671875 0.17766497461928932 0.0859375 0.35532994923857864
0 0.0263671875 0.2309644670050761 0.052734375 0.3299492385786802
0 0.3251953125 0.11675126903553298 0.126953125 0.23350253807106597
0 0.501953125 0.23604060913705582 0.0703125 0.25888324873096447
0 0.607421875 0.5634517766497461 0.08203125 0.10152284263959391
0 0.6220703125 0.23604060913705582 0.060546875 0.3705583756345177
0 0.72265625 0.18527918781725886 0.1171875 0.3705583756345177
0 0.8828125 0.4644670050761421 0.2265625 0.9187817258883249
