0 0.3713768115942029 0.6120218579234973 0.33695652173913043 0.06557377049180328
0 0.7807971014492754 0.6530054644808743 0.4166666666666667 0.07103825136612021
0 0.9746376811594203 0.7240437158469946 0.043478260869565216 0.03825136612021858
0 0.1068840579710145 0.6939890710382514 0.213768115942029 0.09836065573770492
0 0.3134057971014493 0.73224043715847 0.19202898550724637 0.06557377049180328
0 0.5108695652173914 0.7595628415300546 0.18115942028985507 0.0546448087431694
0 0.7119565217391305 0.8005464480874317 0.19202898550724637 0.07103825136612021
0 0.7518115942028986 0.7295081967213115 0.17028985507246377 0.07103825136612021
0 0.9239130434782609 0.8005464480874317 0.14492753623188406 0.08196721311475409
0 0.028985507246376812 0.5601092896174863 0.057971014492753624 0.03825136612021858
1 0.2318840579710145 0.28415300546448086 0.2246376811594203 0.5683060109289617
1 0.09782608695652174 0.453551912568306 0.1956521739130435 0.22950819672131148
1 0.6739130434782609 0.3114754098360656 0.644927536231884 0.6229508196721312
