0 0.6511111111111111 0.4804964539007092 0.06666666666666667 0.12411347517730496
0 0.78 0.4804964539007092 0.13333333333333333 0.18085106382978722
0 0.5511111111111111 0.5780141843971631 0.09777777777777778 0.07092198581560283
0 0.3788888888888889 0.4521276595744681 0.04666666666666667 0.08865248226950355
0 0.42 0.5939716312056738 0.035555555555555556 0.05319148936170213
0 0.5033333333333333 0.7801418439716312 0.03777777777777778 0.0425531914893617
0 0.4766666666666667 0.40425531914893614 0.024444444444444446 0.05673758865248227
0 0.33444444444444443 0.6028368794326241 0.12222222222222222 0.05673758865248227
1 0.4533333333333333 0.4929078014184397 0.09333333333333334 0.1702127659574468
1 0.46444444444444444 0.23404255319148937 0.6977777777777778 0.46808510638297873
1 0.3377777777777778 0.5195035460992907 0.1288888888888889 0.09574468085106383
