1 0.2293103448275862 0.40229885057471265 0.3413793103448276 0.8045977011494253
1 0.48275862068965514 0.12643678160919541 0.1586206896551724 0.25287356321839083
1 0.5258620689655172 0.4281609195402299 0.1 0.3275862068965517
1 0.02413793103448276 0.3275862068965517 0.041379310344827586 0.08045977011494253
1 0.0396551724137931 0.6695402298850575 0.03793103448275862 0.16666666666666666
1 0.6103448275862069 0.3218390804597701 0.06896551724137931 0.4942528735632184
1 0.47413793103448276 0.8764367816091954 0.18275862068965518 0.10919540229885058
0 0.5758620689655173 0.7097701149425287 0.26206896551724135 0.22413793103448276
0 0.7120689655172414 0.40229885057471265 0.0793103448275862 0.16091954022988506
0 0.2 0.735632183908046 0.10344827586206896 0.14942528735632182
0 0.7275862068965517 0.8563218390804598 0.11724137931034483 0.13793103448275862
