1 0.07142857142857142 0.08455882352941177 0.13283208020050125 0.14705882352941177
1 0.22932330827067668 0.3915441176470588 0.20300751879699247 0.4963235294117647
1 0.14912280701754385 0.7371323529411764 0.2982456140350877 0.35661764705882354
1 0.4799498746867168 0.43566176470588236 0.17293233082706766 0.46691176470588236
1 0.8308270676691729 0.29044117647058826 0.3333333333333333 0.5808823529411765
1 0.6478696741854636 0.6599264705882353 0.18295739348370926 0.11397058823529412
1 0.788220551378446 0.8547794117647058 0.2681704260651629 0.26838235294117646
1 0.046365914786967416 0.24448529411764705 0.08270676691729323 0.10661764705882353
1 0.13157894736842105 0.40625 0.07769423558897243 0.1948529411764706
1 0.8709273182957393 0.6672794117647058 0.06766917293233082 0.08455882352941177
