0 0.84125 0.32833020637898686 0.16 0.18386491557223264
0 0.6175 0.4174484052532833 0.18 0.18574108818011256
0 0.530625 0.5834896810506567 0.12375 0.10131332082551595
0 0.401875 0.6275797373358349 0.08875 0.08818011257035648
0 0.295625 0.6801125703564728 0.11875000000000001 0.11444652908067542
0 0.138125 0.7814258911819888 0.14125000000000001 0.09568480300187618
0 0.164375 0.39587242026266417 0.09875 0.13883677298311445
1 0.33125 0.4803001876172608 0.22 0.18386491557223264
1 0.111875 0.6172607879924953 0.19625 0.2026266416510319
1 0.068125 0.26360225140712945 0.10375000000000001 0.27204502814258913
