0 0.7033333333333334 0.62125 0.08333333333333334 0.1275
0 0.8150000000000001 0.6012500000000001 0.060000000000000005 0.0475
0 0.6333333333333334 0.79 0.14 0.105
0 0.5641666666666667 0.60875 0.18833333333333335 0.23750000000000002
0 0.04916666666666667 0.865 0.09833333333333334 0.26
0 0.22583333333333336 0.6325000000000001 0.065 0.145
0 0.375 0.75 0.20333333333333334 0.3
1 0.2733333333333334 0.3875 0.5466666666666667 0.775
1 0.755 0.52875 0.11666666666666667 0.11750000000000001
1 0.8258333333333334 0.5225 0.058333333333333334 0.04
1 0.21000000000000002 0.86875 0.22 0.2325
