0 0.6652777777777779 0.6796296296296297 0.030555555555555558 0.040740740740740744
0 0.9729166666666667 0.5222222222222223 0.043055555555555555 0.06296296296296297
0 0.75625 0.44907407407407407 0.02638888888888889 0.03518518518518519
0 0.7937500000000001 0.412962962962963 0.02638888888888889 0.02962962962962963
0 0.69375 0.47500000000000003 0.059722222222222225 0.03518518518518519
0 0.9152777777777779 0.38981481481481484 0.025 0.031481481481481485
0 0.6152777777777778 0.4287037037037037 0.019444444444444445 0.024074074074074074
0 0.6173611111111111 0.45555555555555555 0.018055555555555557 0.014814814814814815
0 0.7173611111111111 0.4990740740740741 0.020833333333333336 0.024074074074074074
0 0.9104166666666667 0.537962962962963 0.05416666666666667 0.053703703703703705
