0 0.1774193548387097 0.09267241379310345 0.2073732718894009 0.1853448275862069
0 0.7419354838709677 0.35344827586206895 0.5069124423963134 0.39655172413793105
0 0.6751152073732719 0.5991379310344828 0.2073732718894009 0.07758620689655173
0 0.6244239631336406 0.7198275862068966 0.22580645161290322 0.14655172413793102
0 0.39400921658986177 0.2823275862068966 0.1889400921658986 0.2974137931034483
0 0.31797235023041476 0.5495689655172413 0.14746543778801843 0.21982758620689655
0 0.10138248847926268 0.8448275862068966 0.20276497695852536 0.13793103448275862
0 0.3617511520737327 0.7693965517241379 0.0967741935483871 0.15086206896551724
1 0.4976958525345622 0.16810344827586207 0.9953917050691244 0.33620689655172414
1 0.0967741935483871 0.5560344827586207 0.1935483870967742 0.4224137931034483
