0 0.3423728813559322 0.5071428571428571 0.0983050847457627 0.2714285714285714
0 0.49745762711864405 0.31142857142857144 0.16779661016949152 0.4228571428571429
0 0.6457627118644068 0.4657142857142857 0.10169491525423728 0.2742857142857143
0 0.8033898305084746 0.39571428571428574 0.0711864406779661 0.16285714285714287
0 0.5101694915254237 0.8057142857142857 0.06101694915254237 0.2342857142857143
0 0.6262711864406779 0.8528571428571429 0.03898305084745762 0.19142857142857142
0 0.25677966101694916 0.7928571428571428 0.059322033898305086 0.21428571428571427
0 0.3516949152542373 0.84 0.06610169491525424 0.17714285714285713
0 0.20169491525423727 0.8485714285714285 0.03728813559322034 0.26857142857142857
1 0.659322033898305 0.15857142857142856 0.08813559322033898 0.29428571428571426
1 0.35338983050847456 0.21714285714285714 0.07966101694915254 0.24571428571428572
1 0.8822033898305085 0.5357142857142857 0.059322033898305086 0.43714285714285717
