1 0.1362847222222222 0.14464285714285713 0.03645833333333333 0.09642857142857142
0 0.18489583333333331 0.5910714285714286 0.046875 0.11785714285714285
0 0.3489583333333333 0.10892857142857143 0.04513888888888889 0.10357142857142856
0 0.3342013888888889 0.3857142857142857 0.03298611111111111 0.09285714285714286
0 0.5260416666666666 0.7392857142857142 0.04513888888888889 0.10714285714285714
0 0.5980902777777778 0.25 0.05034722222222222 0.11428571428571428
0 0.703125 0.10178571428571428 0.048611111111111105 0.11071428571428571
0 0.7100694444444444 0.5339285714285714 0.03819444444444444 0.1392857142857143
0 0.9201388888888888 0.13749999999999998 0.04513888888888889 0.11071428571428571
0 0.8993055555555555 0.3357142857142857 0.034722222222222224 0.10714285714285714
0 0.8836805555555555 0.8875 0.05555555555555555 0.075
