0 0.145 0.625 0.126 0.07530120481927711
0 0.392 0.6400602409638555 0.092 0.09337349397590362
0 0.676 0.6837349397590362 0.02 0.03614457831325302
0 0.619 0.33283132530120485 0.114 0.09337349397590362
0 0.671 0.25 0.03 0.042168674698795185
1 0.535 0.5 0.322 0.10240963855421688
1 0.598 0.6430722891566265 0.28400000000000003 0.08734939759036145
1 0.114 0.4171686746987952 0.216 0.3283132530120482
1 0.513 0.24849397590361447 0.186 0.1716867469879518
1 0.9500000000000001 0.07379518072289157 0.092 0.09337349397590362
