0 0.452431289640592 0.44405594405594406 0.6976744186046512 0.05174825174825175
0 0.41226215644820297 0.3776223776223776 0.08879492600422834 0.06993006993006994
0 0.3604651162790698 0.12727272727272726 0.21775898520084566 0.17902097902097902
1 0.7103594080338267 0.2048951048951049 0.45665961945031713 0.4013986013986014
1 0.19238900634249473 0.15664335664335666 0.3509513742071882 0.3132867132867133
0 0.16701902748414377 0.5454545454545454 0.059196617336152224 0.06433566433566433
0 0.1638477801268499 0.6489510489510489 0.06976744186046512 0.06713286713286713
0 0.15116279069767444 0.9468531468531468 0.052854122621564484 0.06153846153846154
0 0.5169133192389006 0.7503496503496504 0.0613107822410148 0.07972027972027972
0 0.5147991543340381 0.6433566433566433 0.0613107822410148 0.06153846153846154
0 0.623678646934461 0.6447552447552447 0.06765327695560254 0.06713286713286713
0 0.6268498942917548 0.5475524475524476 0.052854122621564484 0.06293706293706294
0 0.27061310782241016 0.551048951048951 0.054968287526427066 0.055944055944055944
0 0.27906976744186046 0.651048951048951 0.0718816067653277 0.057342657342657345
0 0.3879492600422833 0.6524475524475525 0.0613107822410148 0.06853146853146853
