0 0.11965811965811968 0.09107142857142857 0.05128205128205129 0.06785714285714285
0 0.3162393162393163 0.09999999999999999 0.05982905982905984 0.05714285714285714
0 0.5106837606837608 0.0875 0.05555555555555556 0.06785714285714285
0 0.11538461538461539 0.33035714285714285 0.042735042735042736 0.13214285714285715
0 0.1260683760683761 0.5803571428571428 0.05555555555555556 0.08214285714285714
0 0.11752136752136753 0.7910714285714285 0.047008547008547015 0.09642857142857142
0 0.32264957264957267 0.3339285714285714 0.05555555555555556 0.11071428571428571
0 0.311965811965812 0.5892857142857143 0.07692307692307693 0.049999999999999996
0 0.32264957264957267 0.7964285714285714 0.05555555555555556 0.08571428571428572
0 0.5106837606837608 0.3357142857142857 0.038461538461538464 0.09999999999999999
0 0.5128205128205129 0.575 0.05982905982905984 0.07142857142857142
0 0.5213675213675214 0.7928571428571428 0.05982905982905984 0.09285714285714286
0 0.6923076923076924 0.07857142857142857 0.05128205128205129 0.07142857142857142
0 0.7008547008547009 0.3339285714285714 0.05982905982905984 0.075
0 0.6901709401709403 0.5660714285714286 0.047008547008547015 0.060714285714285714
0 0.7115384615384616 0.7821428571428571 0.05555555555555556 0.07857142857142857
0 0.8611111111111112 0.09642857142857142 0.06410256410256411 0.049999999999999996
0 0.8653846153846154 0.3339285714285714 0.038461538461538464 0.060714285714285714
0 0.8846153846153847 0.5571428571428572 0.042735042735042736 0.10714285714285714
0 0.8931623931623932 0.7946428571428571 0.05982905982905984 0.08214285714285714
