0 0.14909090909090908 0.7923497267759563 0.28363636363636363 0.16393442622950818
0 0.49636363636363634 0.20765027322404372 0.1709090909090909 0.16393442622950818
0 0.3563636363636364 0.5573770491803278 0.14545454545454545 0.08743169398907104
0 0.5309090909090909 0.5191256830601093 0.17454545454545456 0.25136612021857924
0 0.4 0.8333333333333334 0.16 0.11475409836065574
0 0.8963636363636364 0.8688524590163934 0.06181818181818182 0.15300546448087432
1 0.6581818181818182 0.31693989071038253 0.5890909090909091 0.40437158469945356
1 0.7472727272727273 0.7103825136612022 0.20727272727272728 0.16393442622950818
1 0.1509090909090909 0.5901639344262295 0.2290909090909091 0.31693989071038253
1 0.8018181818181818 0.12295081967213115 0.3890909090909091 0.2459016393442623
