0 0.08733333333333333 0.5984513274336283 0.11333333333333333 0.1570796460176991
0 0.24133333333333332 0.7245575221238938 0.12533333333333332 0.1261061946902655
0 0.22999999999999998 0.6272123893805309 0.07866666666666666 0.050884955752212385
0 0.3933333333333333 0.6504424778761062 0.08 0.14601769911504425
0 0.496 0.7732300884955752 0.112 0.11283185840707964
0 0.5006666666666667 0.6073008849557522 0.08666666666666667 0.09070796460176991
0 0.6153333333333333 0.7776548672566371 0.07066666666666667 0.14380530973451328
0 0.6366666666666666 0.6537610619469026 0.052 0.09955752212389381
0 0.32666666666666666 0.5663716814159292 0.032 0.048672566371681415
0 0.9733333333333333 0.8108407079646017 0.042666666666666665 0.046460176991150445
