0 0.05 0.24285714285714285 0.04358974358974359 0.1357142857142857
0 0.1346153846153846 0.22678571428571428 0.04871794871794872 0.125
0 0.22435897435897437 0.22857142857142856 0.038461538461538464 0.17142857142857143
0 0.31794871794871793 0.25535714285714284 0.046153846153846156 0.14642857142857144
0 0.4128205128205128 0.2625 0.035897435897435895 0.125
0 0.4653846153846154 0.29642857142857143 0.04358974358974359 0.1357142857142857
0 0.5423076923076923 0.3392857142857143 0.04358974358974359 0.10714285714285714
0 0.5679487179487179 0.22678571428571428 0.038461538461538464 0.14642857142857144
0 0.6820512820512821 0.29285714285714287 0.035897435897435895 0.09285714285714286
0 0.7602564102564102 0.2357142857142857 0.05384615384615385 0.20714285714285713
0 0.8423076923076923 0.29107142857142854 0.038461538461538464 0.10357142857142856
0 0.9525641025641025 0.2589285714285714 0.038461538461538464 0.18928571428571428
