0 0.3671875 0.582716049382716 0.05 0.08888888888888889
0 0.40703125 0.6703703703703704 0.0734375 0.19012345679012346
0 0.6000000000000001 0.7395061728395061 0.034375 0.1111111111111111
0 0.81796875 0.7296296296296296 0.1046875 0.24938271604938272
1 0.41015625 0.4382716049382716 0.1203125 0.2691358024691358
1 0.8406250000000001 0.4962962962962963 0.140625 0.2222222222222222
0 0.5437500000000001 0.508641975308642 0.09375 0.08888888888888889
0 0.6781250000000001 0.4049382716049383 0.16875 0.4148148148148148
1 0.55859375 0.3950617283950617 0.1546875 0.3259259259259259
1 0.7734375 0.19012345679012346 0.45 0.3753086419753086
