0 0.014102564102564103 0.3107142857142857 0.028205128205128206 0.09285714285714286
0 0.05384615384615385 0.3839285714285714 0.03076923076923077 0.06785714285714285
0 0.13974358974358975 0.25 0.03333333333333333 0.05714285714285714
0 0.17435897435897435 0.31785714285714284 0.041025641025641026 0.06428571428571428
0 0.26282051282051283 0.2125 0.04871794871794872 0.075
0 0.43974358974358974 0.23392857142857143 0.04358974358974359 0.06785714285714285
0 0.22564102564102564 0.4125 0.03076923076923077 0.060714285714285714
0 0.33205128205128204 0.3 0.038461538461538464 0.07142857142857142
0 0.3641025641025641 0.35892857142857143 0.041025641025641026 0.08214285714285714
0 0.5064102564102564 0.31785714285714284 0.03333333333333333 0.06428571428571428
0 0.46153846153846156 0.41964285714285715 0.035897435897435895 0.10357142857142856
0 0.6948717948717948 0.3071428571428571 0.035897435897435895 0.06428571428571428
0 0.6141025641025641 0.3875 0.03333333333333333 0.075
0 0.6615384615384615 0.4517857142857143 0.035897435897435895 0.09642857142857142
0 0.8051282051282052 0.5392857142857143 0.03076923076923077 0.07142857142857142
0 0.9641025641025641 0.6 0.020512820512820513 0.03571428571428571
0 0.9730769230769231 0.8035714285714285 0.04871794871794872 0.07142857142857142
