0 0.685625 0.82829373650108 0.43375 0.3045356371490281
0 0.63875 0.5896328293736501 0.095 0.16414686825053998
0 0.5425 0.4535637149028078 0.0525 0.08639308855291578
0 0.313125 0.6058315334773219 0.28375 0.31317494600431967
0 0.12875 0.5226781857451405 0.08 0.15982721382289417
0 0.054375 0.6047516198704104 0.10875 0.09935205183585313
0 0.26687500000000003 0.4006479481641469 0.12625 0.07991360691144708
1 0.715 0.521598272138229 0.1825 0.2958963282937365
1 0.7925 0.08639308855291578 0.16 0.17278617710583155
1 0.5437500000000001 0.18034557235421167 0.38 0.36069114470842334
1 0.216875 0.1144708423326134 0.24875 0.22030237580993522
1 0.22625 0.2991360691144709 0.25 0.12311015118790497
1 0.043750000000000004 0.439524838012959 0.08750000000000001 0.21814254859611232
