0 0.19243697478991598 0.7731343283582089 0.38487394957983195 0.44776119402985076
0 0.565546218487395 0.7865671641791044 0.3613445378151261 0.32537313432835824
0 0.8764705882352942 0.7761194029850746 0.24369747899159666 0.2746268656716418
0 0.8277310924369748 0.22238805970149253 0.05882352941176471 0.08656716417910448
0 0.7142857142857143 0.5388059701492537 0.08067226890756303 0.16417910447761194
0 0.7487394957983193 0.32238805970149254 0.04537815126050421 0.06567164179104477
0 0.8991596638655462 0.33134328358208953 0.0773109243697479 0.10746268656716418
0 0.9764705882352942 0.5194029850746269 0.04369747899159664 0.208955223880597
1 0.49411764705882355 0.5447761194029851 0.3798319327731093 0.22985074626865673
1 0.04285714285714286 0.4417910447761194 0.08235294117647059 0.3940298507462687
1 0.5764705882352942 0.3373134328358209 0.292436974789916 0.23283582089552238
1 0.8613445378151261 0.4537313432835821 0.18319327731092439 0.3582089552238806
1 0.9294117647058824 0.21044776119402986 0.13781512605042018 0.41492537313432837
1 0.592436974789916 0.09253731343283582 0.5361344537815126 0.18507462686567164
