0 0.28363636363636363 0.7650273224043715 0.04363636363636364 0.09836065573770492
0 0.42 0.7759562841530054 0.14181818181818182 0.14207650273224043
0 0.09090909090909091 0.4453551912568306 0.18181818181818182 0.8907103825136612
0 0.9145454545454546 0.4644808743169399 0.15636363636363637 0.9289617486338798
0 0.7018181818181818 0.3743169398907104 0.12363636363636364 0.7486338797814208
0 0.8181818181818182 0.6366120218579235 0.04363636363636364 0.4972677595628415
0 0.22727272727272727 0.5081967213114754 0.04 0.5027322404371585
0 0.6072727272727273 0.5655737704918032 0.06545454545454546 0.2459016393442623
0 0.56 0.7349726775956285 0.05090909090909091 0.11475409836065574
0 0.730909090909091 0.8579234972677595 0.05818181818181818 0.06557377049180328
0 0.45454545454545453 0.1885245901639344 0.3709090909090909 0.3770491803278688
0 0.43272727272727274 0.48360655737704916 0.11636363636363636 0.21311475409836064
