0 0.11090909090909092 0.5351089588377724 0.06909090909090909 0.053268765133171914
0 0.19636363636363635 0.5084745762711864 0.04 0.1549636803874092
0 0.3018181818181818 0.42493946731234866 0.02909090909090909 0.12348668280871672
0 0.3781818181818182 0.3474576271186441 0.06181818181818182 0.07021791767554479
0 0.5936363636363636 0.14527845036319614 0.038181818181818185 0.029055690072639227
0 0.5990909090909091 0.19370460048426152 0.034545454545454546 0.03389830508474576
0 0.6127272727272727 0.025423728813559324 0.09090909090909091 0.04116222760290557
1 0.09909090909090909 0.1900726392251816 0.19818181818181818 0.3801452784503632
1 0.35454545454545455 0.6416464891041163 0.22181818181818183 0.2905569007263923
1 0.7136363636363636 0.42372881355932207 0.19818181818181818 0.8329297820823245
