0 0.02457466918714556 0.6632165605095541 0.04914933837429112 0.04617834394904459
0 0.08412098298676748 0.5812101910828026 0.05103969754253308 0.054140127388535034
0 0.5453686200378072 0.7985668789808917 0.054820415879017016 0.05573248407643312
0 0.4631379962192817 0.6321656050955414 0.22306238185255198 0.04777070063694268
0 0.7646502835538752 0.19665605095541402 0.12665406427221174 0.06847133757961783
0 0.7665406427221172 0.2945859872611465 0.11909262759924386 0.07961783439490447
0 0.9574669187145558 0.375 0.05103969754253308 0.04299363057324841
0 0.7306238185255198 0.47691082802547774 0.04725897920604915 0.03343949044585987
0 0.7835538752362949 0.5159235668789809 0.043478260869565216 0.038216560509554146
0 0.5141776937618148 0.6863057324840764 0.04158790170132325 0.03503184713375796
0 0.7637051039697543 0.7714968152866243 0.022684310018903593 0.02388535031847134
0 0.6899810964083176 0.3861464968152866 0.04158790170132325 0.030254777070063694
1 0.3809073724007562 0.39490445859872614 0.5538752362948961 0.410828025477707
1 0.8241965973534972 0.6226114649681529 0.32136105860113423 0.2197452229299363
1 0.726843100189036 0.09076433121019109 0.5236294896030246 0.17197452229299365
1 0.9158790170132325 0.26512738853503187 0.14555765595463138 0.15764331210191085
