0 0.23900000000000002 0.9354354354354354 0.10200000000000001 0.1111111111111111
0 0.334 0.8813813813813813 0.06 0.05105105105105105
0 0.618 0.933933933933934 0.04 0.0960960960960961
0 0.779 0.8903903903903904 0.134 0.2132132132132132
0 0.364 0.7912912912912913 0.06 0.06906906906906907
0 0.897 0.7867867867867868 0.046 0.14414414414414414
0 0.617 0.7252252252252253 0.134 0.26126126126126126
0 0.797 0.5435435435435435 0.29 0.3363363363363363
1 0.808 0.3048048048048048 0.38 0.6096096096096096
1 0.275 0.8183183183183184 0.214 0.23723723723723725
