0 0.27692307692307694 0.553030303030303 0.04230769230769231 0.051515151515151514
0 0.40961538461538466 0.546969696969697 0.1807692307692308 0.18484848484848485
0 0.5788461538461539 0.6212121212121212 0.14615384615384616 0.15151515151515152
0 0.5836538461538462 0.7545454545454545 0.028846153846153848 0.048484848484848485
0 0.625 0.8075757575757576 0.03461538461538462 0.051515151515151514
0 0.6990384615384616 0.8757575757575757 0.028846153846153848 0.030303030303030304
0 0.701923076923077 0.6 0.03076923076923077 0.05454545454545454
0 0.6298076923076923 0.5075757575757576 0.03653846153846154 0.03333333333333333
0 0.7509615384615385 0.6484848484848484 0.04423076923076923 0.07878787878787878
0 0.8298076923076924 0.6287878787878788 0.10192307692307692 0.05757575757575758
