0 0.7653846153846153 0.48392857142857143 0.04871794871794872 0.11071428571428571
0 0.5551282051282052 0.2732142857142857 0.03333333333333333 0.06785714285714285
0 0.6243589743589744 0.24107142857142858 0.04871794871794872 0.060714285714285714
0 0.658974358974359 0.19642857142857142 0.041025641025641026 0.07142857142857142
0 0.9051282051282051 0.8642857142857142 0.046153846153846156 0.05714285714285714
0 0.8782051282051282 0.7875 0.05384615384615385 0.06785714285714285
0 0.9217948717948717 0.7285714285714285 0.038461538461538464 0.049999999999999996
0 0.8935897435897436 0.6642857142857143 0.028205128205128206 0.05714285714285714
0 0.9666666666666667 0.5821428571428571 0.015384615384615385 0.02857142857142857
0 0.6333333333333333 0.7714285714285714 0.041025641025641026 0.07142857142857142
0 0.4512820512820513 0.5482142857142857 0.041025641025641026 0.08214285714285714
0 0.382051282051282 0.2017857142857143 0.03076923076923077 0.075
